+----+------------------------+---------+------------------------+-------------------------------------------------+
|    |      ESTADO ATUAL      | ENTRADA |     PRÓXIMO ESTADO     |                      SAÍDAS                     |
+----+----+----+----+----+----+---------+----+----+----+----+----+-------+---------+----------+--------+-----------+
|    | Q4 | Q3 | Q2 | Q1 | Q0 |    A    | Q4 | Q3 | Q2 | Q1 | Q0 | VERDE | AMARELA | VERMELHA | VERDEP | VERMALHAP |
+----+----+----+----+----+----+---------+----+----+----+----+----+-------+---------+----------+--------+-----------+
|  0 |  0 |  0 |  0 |  0 |  0 |    0    |  0 |  0 |  0 |  1 |  0 |   0   |    0    |     0    |    0   |     0     |
+----+----+----+----+----+----+---------+----+----+----+----+----+-------+---------+----------+--------+-----------+
|  0 |  0 |  0 |  0 |  0 |  0 |    1    |  0 |  0 |  0 |  0 |  1 |   0   |    0    |     0    |    0   |     0     |
+----+----+----+----+----+----+---------+----+----+----+----+----+-------+---------+----------+--------+-----------+
|  1 |  0 |  0 |  0 |  0 |  1 |    0    |  0 |  0 |  0 |  1 |  0 |   0   |    1    |     0    |    0   |     0     |
+----+----+----+----+----+----+---------+----+----+----+----+----+-------+---------+----------+--------+-----------+
|  1 |  0 |  0 |  0 |  0 |  1 |    1    |  0 |  0 |  0 |  0 |  1 |   0   |    1    |     0    |    0   |     0     |
+----+----+----+----+----+----+---------+----+----+----+----+----+-------+---------+----------+--------+-----------+
|  2 |  0 |  0 |  0 |  1 |  0 |    0    |  0 |  0 |  0 |  0 |  1 |   1   |    0    |     0    |    0   |     1     |
+----+----+----+----+----+----+---------+----+----+----+----+----+-------+---------+----------+--------+-----------+
|  2 |  0 |  0 |  0 |  1 |  0 |    1    |  0 |  0 |  0 |  1 |  1 |   1   |    0    |     0    |    0   |     1     |
+----+----+----+----+----+----+---------+----+----+----+----+----+-------+---------+----------+--------+-----------+
|  3 |  0 |  0 |  0 |  1 |  1 |    0    |  0 |  0 |  0 |  0 |  1 |   1   |    0    |     0    |    0   |     1     |
+----+----+----+----+----+----+---------+----+----+----+----+----+-------+---------+----------+--------+-----------+
|  3 |  0 |  0 |  0 |  1 |  1 |    1    |  0 |  0 |  1 |  0 |  0 |   1   |    0    |     0    |    0   |     1     |
+----+----+----+----+----+----+---------+----+----+----+----+----+-------+---------+----------+--------+-----------+
|  4 |  0 |  0 |  1 |  0 |  0 |    0    |  0 |  0 |  0 |  0 |  1 |   1   |    0    |     0    |    0   |     1     |
+----+----+----+----+----+----+---------+----+----+----+----+----+-------+---------+----------+--------+-----------+
|  4 |  0 |  0 |  1 |  0 |  0 |    1    |  0 |  0 |  1 |  0 |  1 |   1   |    0    |     0    |    0   |     1     |
+----+----+----+----+----+----+---------+----+----+----+----+----+-------+---------+----------+--------+-----------+
|  5 |  0 |  0 |  1 |  0 |  1 |    0    |  0 |  0 |  0 |  0 |  1 |   1   |    0    |     0    |    0   |     1     |
+----+----+----+----+----+----+---------+----+----+----+----+----+-------+---------+----------+--------+-----------+
|  5 |  0 |  0 |  1 |  0 |  1 |    1    |  0 |  0 |  1 |  1 |  0 |   1   |    0    |     0    |    0   |     1     |
+----+----+----+----+----+----+---------+----+----+----+----+----+-------+---------+----------+--------+-----------+
|  6 |  0 |  0 |  1 |  1 |  0 |    0    |  0 |  0 |  0 |  0 |  1 |   1   |    0    |     0    |    0   |     1     |
+----+----+----+----+----+----+---------+----+----+----+----+----+-------+---------+----------+--------+-----------+
|  6 |  0 |  0 |  1 |  1 |  0 |    1    |  0 |  0 |  1 |  1 |  1 |   1   |    0    |     0    |    0   |     1     |
+----+----+----+----+----+----+---------+----+----+----+----+----+-------+---------+----------+--------+-----------+
|  7 |  0 |  0 |  1 |  1 |  1 |    0    |  0 |  0 |  0 |  0 |  1 |   0   |    1    |     0    |    0   |     1     |
+----+----+----+----+----+----+---------+----+----+----+----+----+-------+---------+----------+--------+-----------+
|  7 |  0 |  0 |  1 |  1 |  1 |    1    |  0 |  1 |  0 |  0 |  0 |   0   |    1    |     0    |    0   |     1     |
+----+----+----+----+----+----+---------+----+----+----+----+----+-------+---------+----------+--------+-----------+
|  8 |  0 |  1 |  0 |  0 |  0 |    0    |  0 |  0 |  0 |  0 |  1 |   0   |    0    |     1    |    1   |     0     |
+----+----+----+----+----+----+---------+----+----+----+----+----+-------+---------+----------+--------+-----------+
|  8 |  0 |  1 |  0 |  0 |  0 |    1    |  0 |  1 |  0 |  0 |  1 |   0   |    0    |     1    |    1   |     0     |
+----+----+----+----+----+----+---------+----+----+----+----+----+-------+---------+----------+--------+-----------+
|  9 |  0 |  1 |  0 |  0 |  1 |    0    |  0 |  0 |  0 |  0 |  1 |   0   |    0    |     1    |    1   |     0     |
+----+----+----+----+----+----+---------+----+----+----+----+----+-------+---------+----------+--------+-----------+
|  9 |  0 |  1 |  0 |  0 |  1 |    1    |  0 |  1 |  0 |  1 |  0 |   0   |    0    |     1    |    1   |     0     |
+----+----+----+----+----+----+---------+----+----+----+----+----+-------+---------+----------+--------+-----------+
| 10 |  0 |  1 |  0 |  1 |  0 |    0    |  0 |  0 |  0 |  0 |  1 |   0   |    0    |     1    |    1   |     0     |
+----+----+----+----+----+----+---------+----+----+----+----+----+-------+---------+----------+--------+-----------+
| 10 |  0 |  1 |  0 |  1 |  0 |    1    |  0 |  1 |  0 |  1 |  1 |   0   |    0    |     1    |    1   |     0     |
+----+----+----+----+----+----+---------+----+----+----+----+----+-------+---------+----------+--------+-----------+
| 11 |  0 |  1 |  0 |  1 |  1 |    0    |  0 |  0 |  0 |  0 |  1 |   0   |    0    |     1    |    1   |     0     |
+----+----+----+----+----+----+---------+----+----+----+----+----+-------+---------+----------+--------+-----------+
| 11 |  0 |  1 |  0 |  1 |  1 |    1    |  0 |  1 |  1 |  0 |  0 |   0   |    0    |     1    |    1   |     0     |
+----+----+----+----+----+----+---------+----+----+----+----+----+-------+---------+----------+--------+-----------+
| 12 |  0 |  1 |  1 |  0 |  0 |    0    |  0 |  0 |  0 |  0 |  1 |   0   |    0    |     1    |    0   |     1     |
+----+----+----+----+----+----+---------+----+----+----+----+----+-------+---------+----------+--------+-----------+
| 12 |  0 |  1 |  1 |  0 |  0 |    1    |  0 |  1 |  1 |  0 |  1 |   0   |    0    |     1    |    0   |     1     |
+----+----+----+----+----+----+---------+----+----+----+----+----+-------+---------+----------+--------+-----------+
| 13 |  0 |  1 |  1 |  0 |  1 |    0    |  0 |  0 |  0 |  0 |  1 |   0   |    0    |     1    |    0   |     1     |
+----+----+----+----+----+----+---------+----+----+----+----+----+-------+---------+----------+--------+-----------+
| 13 |  0 |  1 |  1 |  0 |  1 |    1    |  0 |  1 |  1 |  1 |  0 |   0   |    0    |     1    |    0   |     1     |
+----+----+----+----+----+----+---------+----+----+----+----+----+-------+---------+----------+--------+-----------+
| 14 |  0 |  1 |  1 |  1 |  0 |    0    |  0 |  0 |  0 |  0 |  1 |   0   |    0    |     1    |    0   |     1     |
+----+----+----+----+----+----+---------+----+----+----+----+----+-------+---------+----------+--------+-----------+
| 14 |  0 |  1 |  1 |  1 |  0 |    1    |  0 |  1 |  1 |  1 |  1 |   0   |    0    |     1    |    0   |     1     |
+----+----+----+----+----+----+---------+----+----+----+----+----+-------+---------+----------+--------+-----------+
| 15 |  0 |  1 |  1 |  1 |  1 |    0    |  0 |  0 |  0 |  0 |  1 |   0   |    0    |     1    |    0   |     1     |
+----+----+----+----+----+----+---------+----+----+----+----+----+-------+---------+----------+--------+-----------+
| 15 |  0 |  1 |  1 |  1 |  1 |    1    |  1 |  0 |  0 |  0 |  0 |   0   |    0    |     1    |    0   |     1     |
+----+----+----+----+----+----+---------+----+----+----+----+----+-------+---------+----------+--------+-----------+
| 16 |  1 |  0 |  0 |  0 |  0 |    0    |  0 |  0 |  0 |  0 |  1 |   0   |    0    |     1    |    0   |     1     |
+----+----+----+----+----+----+---------+----+----+----+----+----+-------+---------+----------+--------+-----------+
| 16 |  1 |  0 |  0 |  0 |  0 |    1    |  0 |  0 |  0 |  1 |  0 |   0   |    0    |     1    |    0   |     1     |
+----+----+----+----+----+----+---------+----+----+----+----+----+-------+---------+----------+--------+-----------+